1.00E+0   3.804E+3  4.050E+3  3.423E+3  4.849E+3  4.100E+3   
2.00E+0   5.754E+2  6.172E+2  5.243E+2  7.952E+2  6.310E+2   
3.00E+0   1.787E+2  1.923E+2  2.389E+2  2.652E+2  1.977E+2   
4.00E+0   7.646E+1  8.240E+1  1.064E+2  1.199E+2  8.514E+1   
5.00E+0   3.925E+1  4.235E+1  1.344E+2  5.973E+2  5.023E+1   
6.00E+0   2.283E+1  2.466E+1  8.252E+1  3.735E+2  3.051E+1   
7.00E+0   1.428E+1  1.542E+1  5.363E+1  2.457E+2  1.939E+1   
8.00E+0   9.535E+0  1.029E+1  3.706E+1  1.717E+2  1.308E+1   
9.00E+0   6.701E+0  7.233E+0  2.677E+1  1.251E+2  9.293E+0   
1.00E+1   4.908E+0  5.296E+0  1.986E+1  9.302E+1  6.866E+0   
1.10E+1   3.720E+0  4.012E+0  1.514E+1  7.115E+1  5.230E+0   
1.20E+1   2.903E+0  3.128E+0  1.186E+1  5.583E+1  4.096E+0   
1.30E+1   2.309E+0  2.485E+0  9.527E+0  4.505E+1  3.273E+0   
1.40E+1   1.875E+0  2.015E+0  7.668E+0  3.620E+1  2.656E+0   
1.50E+1   1.561E+0  1.674E+0  6.332E+0  2.986E+1  2.208E+0   
1.60E+1   1.309E+0  1.402E+0  5.265E+0  2.477E+1  1.849E+0   
1.70E+1   1.125E+0  1.202E+0  4.447E+0  2.082E+1  1.584E+0   
1.80E+1   9.724E-1  1.038E+0  3.781E+0  1.763E+1  1.362E+0   
1.90E+1   8.569E-1  9.127E-1  3.291E+0  1.531E+1  1.197E+0   
2.00E+1   7.598E-1  8.077E-1  2.824E+0  1.302E+1  1.052E+0   
2.10E+1   6.838E-1  7.253E-1  2.474E+0  1.133E+1  9.413E-1   
2.20E+1   6.186E-1  6.549E-1  2.181E+0  9.916E+0  8.432E-1   
2.30E+1   5.673E-1  5.992E-1  1.952E+0  8.826E+0  7.663E-1   
2.40E+1   5.224E-1  5.507E-1  1.744E+0  7.810E+0  6.996E-1   
2.50E+1   4.836E-1  5.088E-1  1.556E+0  6.884E+0  6.409E-1   
2.60E+1   4.522E-1  4.747E-1  1.405E+0  6.143E+0  5.938E-1   
2.70E+1   4.240E-1  4.443E-1  1.275E+0  5.505E+0  5.515E-1   
2.80E+1   3.990E-1  4.173E-1  1.161E+0  4.954E+0  5.135E-1   
2.90E+1   3.786E-1  3.951E-1  1.065E+0  4.479E+0  4.828E-1   
3.00E+1   3.602E-1  3.752E-1  9.797E-1  4.065E+0  4.552E-1   
3.10E+1   3.445E-1  3.583E-1  9.077E-1  3.717E+0  4.311E-1   
3.20E+1   3.300E-1  3.427E-1  8.396E-1  3.382E+0  4.081E-1   
3.30E+1   3.182E-1  3.299E-1  7.830E-1  3.103E+0  3.897E-1   
3.40E+1   3.072E-1  3.181E-1  7.321E-1  2.853E+0  6.502E-1   
3.50E+1   2.969E-1  3.071E-1  6.856E-1  2.631E+0  6.143E-1   
3.60E+1   2.887E-1  2.983E-1  6.456E-1  2.434E+0  5.840E-1   
3.70E+1   2.809E-1  2.899E-1  6.092E-1  2.257E+0  5.562E-1   
3.80E+1   2.737E-1  2.821E-1  5.766E-1  2.098E+0  5.305E-1   
3.90E+1   2.668E-1  2.747E-1  5.471E-1  1.955E+0  5.068E-1   
4.00E+1   2.606E-1  2.680E-1  5.197E-1  1.825E+0  4.851E-1   
4.10E+1   2.556E-1  2.626E-1  4.963E-1  1.711E+0  4.677E-1   
4.20E+1   2.508E-1  2.575E-1  4.747E-1  1.607E+0  4.513E-1   
4.30E+1   2.462E-1  2.526E-1  4.548E-1  1.511E+0  4.345E-1   
4.40E+1   2.419E-1  2.479E-1  4.361E-1  1.422E+0  4.188E-1   
4.50E+1   2.378E-1  2.435E-1  4.184E-1  1.337E+0  4.031E-1   
4.60E+1   2.344E-1  2.399E-1  4.034E-1  1.264E+0  3.914E-1   
4.70E+1   2.312E-1  2.364E-1  3.894E-1  1.197E+0  3.804E-1   
4.80E+1   2.280E-1  2.331E-1  3.763E-1  1.134E+0  3.695E-1   
4.90E+1   2.250E-1  2.298E-1  3.640E-1  1.076E+0  3.584E-1   
5.00E+1   2.221E-1  2.267E-1  3.526E-1  1.023E+0  3.479E-1   
5.10E+1   2.196E-1  2.241E-1  3.423E-1  9.735E-1  3.395E-1   
5.20E+1   2.173E-1  2.216E-1  3.327E-1  9.277E-1  3.316E-1   
5.30E+1   2.150E-1  2.192E-1  3.236E-1  8.849E-1  3.237E-1   
5.40E+1   2.128E-1  2.168E-1  3.150E-1  8.447E-1  3.156E-1   
5.50E+1   2.105E-1  2.144E-1  3.069E-1  8.071E-1  3.079E-1   
5.60E+1   2.088E-1  2.125E-1  2.999E-1  7.743E-1  3.015E-1   
5.70E+1   2.070E-1  2.107E-1  2.933E-1  7.434E-1  2.955E-1   
5.80E+1   2.053E-1  2.089E-1  2.870E-1  7.142E-1  2.898E-1   
5.90E+1   2.037E-1  2.072E-1  2.810E-1  6.866E-1  2.844E-1   
6.00E+1   2.021E-1  2.055E-1  2.753E-1  6.606E-1  2.795E-1   
6.10E+1   2.006E-1  2.040E-1  2.700E-1  6.356E-1  2.746E-1   
6.20E+1   1.992E-1  2.024E-1  2.648E-1  6.120E-1  2.700E-1   
6.30E+1   1.978E-1  2.010E-1  2.599E-1  5.896E-1  2.655E-1   
6.40E+1   1.966E-1  1.997E-1  2.557E-1  5.703E-1  2.617E-1   
6.50E+1   1.954E-1  1.985E-1  2.517E-1  5.519E-1  2.581E-1   
6.60E+1   1.943E-1  1.973E-1  2.478E-1  5.344E-1  2.547E-1   
6.70E+1   1.932E-1  1.961E-1  2.441E-1  5.177E-1  2.512E-1   
6.80E+1   1.921E-1  1.949E-1  2.405E-1  5.018E-1  2.476E-1   
6.90E+1   1.910E-1  1.938E-1  2.370E-1  4.865E-1  2.442E-1   
7.00E+1   1.899E-1  1.927E-1  2.337E-1  4.719E-1  2.409E-1   
7.10E+1   1.889E-1  1.916E-1  2.307E-1  4.589E-1  2.381E-1   
7.20E+1   1.879E-1  1.906E-1  2.278E-1  4.464E-1  2.353E-1   
7.30E+1   1.869E-1  1.895E-1  2.250E-1  4.345E-1  2.326E-1   
7.40E+1   1.860E-1  1.885E-1  2.223E-1  4.230E-1  2.300E-1   
7.50E+1   1.850E-1  1.876E-1  2.197E-1  4.120E-1  2.275E-1   
7.60E+1   1.841E-1  1.866E-1  2.172E-1  4.020E-1  2.252E-1   
7.70E+1   1.833E-1  1.857E-1  2.149E-1  3.924E-1  2.229E-1   
7.80E+1   1.824E-1  1.849E-1  2.126E-1  3.831E-1  2.207E-1   
7.90E+1   1.816E-1  1.840E-1  2.104E-1  3.741E-1  2.186E-1   
8.00E+1   1.808E-1  1.831E-1  2.083E-1  3.655E-1  2.166E-1   
8.10E+1   1.800E-1  1.824E-1  2.064E-1  3.580E-1  2.148E-1   
8.20E+1   1.793E-1  1.816E-1  2.046E-1  3.507E-1  2.131E-1   
8.30E+1   1.786E-1  1.809E-1  2.029E-1  3.437E-1  2.114E-1   
8.40E+1   1.779E-1  1.801E-1  2.012E-1  3.369E-1  2.098E-1   
8.50E+1   1.772E-1  1.794E-1  1.995E-1  3.303E-1  2.081E-1   
8.60E+1   1.765E-1  1.787E-1  1.979E-1  3.239E-1  2.064E-1   
8.70E+1   1.759E-1  1.781E-1  1.963E-1  3.177E-1  2.047E-1   
8.80E+1   1.752E-1  1.774E-1  1.948E-1  3.117E-1  2.031E-1   
8.90E+1   1.746E-1  1.767E-1  1.932E-1  3.059E-1  2.015E-1   
9.00E+1   1.740E-1  1.761E-1  1.918E-1  3.002E-1  2.000E-1   
9.10E+1   1.734E-1  1.755E-1  1.905E-1  2.956E-1  1.988E-1   
9.20E+1   1.728E-1  1.749E-1  1.893E-1  2.910E-1  1.976E-1   
9.30E+1   1.723E-1  1.744E-1  1.881E-1  2.866E-1  1.964E-1   
9.40E+1   1.718E-1  1.738E-1  1.870E-1  2.823E-1  1.953E-1   
9.50E+1   1.712E-1  1.733E-1  1.858E-1  2.781E-1  1.941E-1   
9.60E+1   1.707E-1  1.727E-1  1.847E-1  2.740E-1  1.929E-1   
9.70E+1   1.702E-1  1.722E-1  1.836E-1  2.700E-1  1.917E-1   
9.80E+1   1.697E-1  1.717E-1  1.825E-1  2.661E-1  1.906E-1   
9.90E+1   1.692E-1  1.711E-1  1.814E-1  2.619E-1  1.895E-1   
1.00E+2   1.687E-1  1.706E-1  1.803E-1  2.577E-1  1.884E-1   
